using System;
using Extreme.Mathematics.LinearAlgebra;
using PedersenHost.Utilities;

namespace PedersenHost
{

    class Economy
    {
        #region declarations

        public SymmetricMatrix Correlation { get; private set; }

        private double[,] _swpnIvol;
        private double[] _cpltIvol;
        public double ReturnIvol(int x, int y)
        {
            if (x < 0 || y < 0 || x >= Param.Uexpiry || y >= Param.Utenor)
            {
                return 0;
            }
            return _swpnIvol[x, y];
        }
        public double ReturnIvol(int x)
        {
            if (x < 0 || x >= Param.TCPLT)
            {
                return 0;
            }
            return _cpltIvol[x];
        }

        public GeneralMatrix[] Xi { get; private set; }

        public double[][] Discount { get; private set; }

        public double[] Shift { get; private set; }

        public double[][] SwapShift { get; private set; }

        public double[][][] Ai { get; private set; }

        public Parameters Param { get; set; }

        public Recycle Previous { get; set; }

        private string _discountstatus = "Preset";
        public string DiscountStatus
        {
            get { return _discountstatus; }
            set { _discountstatus = value; }
        }
        private string _cpltivolstatus = "Preset";
        public string CpltIvolStatus
        {
            get { return _cpltivolstatus; }
            set { _cpltivolstatus = value; }
        }
        private string _swpnivolstatus = "Preset";
        public string SwpnIvolStatus
        {
            get { return _swpnivolstatus; }
            set { _swpnivolstatus = value; }
        }

        public double[,] RawSwpnIvol { get; set; }

        public double[] RawCpltIvol { get; set; }

        public double[] CurDiscount { get; set; }

        public SymmetricMatrix CorData { get; set; }

        public double ConstShift { get; set; }

        #endregion

        public Economy(Parameters p, Recycle r)
        {
            Param = p;
            Previous = r;
            CurDiscount = new[]
            {
                1.000000000000000,0.986609218566934,0.973707625741604,0.961058913778118,0.949112547906794,
                0.937246528253533,0.926087941449402,0.915071026955093,0.904227442958836,0.893432664142383,
                0.882699768583483,0.872069948219882,0.861399994031960,0.850934913747626,0.840651493129064,
                0.830198567771294,0.819809865752744,0.809616921301906,0.799609161710617,0.789452206424516,
                0.779383022964206,0.769538396815299,0.759794537272021,0.750037713375279,0.740483621873692,
                0.730717188927609,0.721670991610182,0.712420299186975,0.702972702174181,0.693930656174242,
                0.684989143535610,0.676145925159813,0.667400352830793,0.658750996111119,0.650197524388739,
                0.641739208027697,0.633284450558268,0.625017035862276,0.616843870425572,0.608676608304033,
                0.600603898824067,0.592711715866659,0.584992080742065,0.577181353177039,0.569455578112339,
                0.561899465687878,0.554509520255837,0.547040961013396,0.539738921389402,0.532285899879115,
                0.525391294790115,0.518346089745408,0.511159118920591,0.504289830849295,0.497507671474923,
                0.490813057057648,0.484134470131310,0.477618433288429,0.471262083965241,0.464855683080604,
                0.458541833099910,0.452390656407483,0.446393564527570,0.440345308296390,0.434382024029156,
                0.428567846360175,0.422898279362224,0.417184263354987,0.411551582179756,0.406058914422014,
                0.400643378634370,0.395303586117851,0.389866073071913,0.384676650540611,0.379559139070055,
                0.374511898333464,0.369533858131490,0.364623912859304,0.359780438602775,0.354999825323213,
                0.350234283465720,0.345532714567015,0.340894259849740,0.336318072064819,0.331803315336707,
                0.327349165010710,0.322954807502354,0.318619440148779,0.314342271062124,0.310122518984888,
                0.305959413147221,0.301852193126141,0.297800108706637,0.293802419744634,0.289858396031802,
                0.285967317162178,0.282128472400576,0.278341160552770,0.274604689837412,0.270918377759673,
                0.267281550986582,0.263693545224037,0.260153705095462,0.256661384022105,0.253215944104928,
                0.249816756008094,0.246463198844014,0.243154660059935,0.239890535326056,0.236670228425139,
                0.233493151143606,0.230358723164100,0.227266371959482,0.224215532688258,0.221205648091404,
                0.218236168390580,0.215306551187705,0.212416261365891,0.209564770991692,0.206751559218679,
                0.203976112192299,0.201237922956019,0.198536491358725,0.195871323963365,0.193241933956820,
                0.190647841060984,0.188088571445035,0.185563657638890,0.183072638447817,0.180615058868192
            };

            CorData = new SymmetricMatrix(121, new[]
            {
1,	0.755977958030068,	0.390753301173931,	0.141216505072534,	1.66105612516312E-03,	-0.104876511208397,	-0.166526401959382,	-0.210627197463773,	-0.24020035988893,	-0.261885066327489,	-0.277390709710889,	-0.28385502295385,	-0.292422680492512,	-0.29424880772361,	-0.284587911610322,	-0.278785040189639,	-0.269136359696982,	-0.257610367833318,	-0.237646332610728,	-0.217616581561314,	-0.199287046260965,	-0.177429362161628,	-0.153802026308276,	-0.131679872097756,	-0.107088758975711,	-8.20305258935592E-02,	-5.92965779030756E-02,	-4.71190562219716E-02,	-2.26792156751647E-02,	-4.92615240237562E-03,	7.12064022624764E-03,	1.97952518582516E-02,	0.029110842473614,	3.55367904256676E-02,	4.00971049850431E-02,	3.93570136898405E-02,	0.043535826453486,	4.40278589532654E-02,	3.55423642363072E-02,	3.50121487065775E-02,	2.67799180214584E-02,	2.56266938601864E-02,	8.20750214659724E-03,	3.33445054849843E-03,	-7.05507123732626E-03,	-1.79148054751458E-02,	-2.73608530391987E-02,	-3.98134795621311E-02,	-5.24564638249776E-02,	-5.67554387612656E-02,	-7.55496844474818E-02,	-8.61858680220058E-02,	-8.77937947228751E-02,	-0.102802627220293,	-0.110926601041377,	-0.11609016661922,	-0.129744325842617,	-0.125943088514952,	-0.146450813194273,	-0.147067841427471,	-0.150104347323637,	-0.154955380752266,	-0.15667698011286,	-0.163461897278328,	-0.166993436059678,	-0.170477558731831,	-0.166276006663218,	-0.163499384827335,	-0.158165900785399,	-0.171914068518687,	-0.158366979890614,	-0.165628034713235,	-0.161124096269855,	-0.146886523759948,	-0.152853783281886,	-0.143926135100898,	-0.13362622041783,	-0.134458303631902,	-0.112527363221117,	-0.127403311474209,	-0.114250711788152,	-9.53824678101732E-02,	-0.108458945399154,	-0.082806455625535,	-7.60966206661928E-02,	-6.47723787912023E-02,	-6.70169417814918E-02,	-0.048772175987887,	-4.99700506816743E-02,	-4.34653409752312E-02,	-2.91975725132272E-02,	-1.80932022889386E-02,	-8.34499626358296E-03,	-5.44762033030495E-03,	1.35019055780697E-03,	6.56528233791978E-03,	9.68090752193188E-03,	2.92632511434311E-02,	3.07820600568079E-02,	3.21324103614087E-02,	5.60346102364402E-02,	4.77370526449176E-02,	5.48841193766261E-02,	6.87376499398996E-02,	6.62444218371496E-02,	7.72754172409585E-02,	7.92726835163421E-02,	8.19212680131619E-02,	9.53149775163856E-02,	9.68082860744922E-02,	9.49664282385071E-02,	9.77795518741044E-02,	0.117653916264913,	0.119195727429157,	0.115323916428065,	0.122119404890852,	0.124691743767995,	0.130795558910938,	0.131336279854394,	0.139733482833416,	0.14146422646047,
0.755977958030068,	1,	0.897859194192688,	0.754250412789863,	0.654363314484207,	0.568584771816748,	0.514037630530004,	0.471717652445483,	0.440317965424999,	0.41433152424844,	0.392197427899337,	0.376892759651739,	0.357538887553842,	0.341271506177132,	0.337040687264548,	0.325307014928591,	0.313506298091628,	0.300945046264738,	0.301312357526288,	0.295739233811822,	0.282777256942422,	0.274617676950209,	0.275282431756674,	0.262631528920056,	0.274186357729452,	0.233418354990457,	0.250091541777897,	0.258819816282469,	0.238272206726197,	0.236471062236338,	0.230206608210225,	0.2298973448008,	0.227749910529591,	0.223110623543883,	0.223017623832099,	0.226132775404367,	0.220380488732385,	0.218780889930535,	0.219941561282549,	0.224277418597115,	0.213381151975345,	0.208926359178529,	0.218958173781235,	0.222891801173648,	0.213831823016093,	0.204009778992903,	0.222779745037902,	0.213067254465184,	0.230237660562912,	0.197179794618843,	0.208138283466646,	0.230576873318223,	0.216157942813034,	0.210964998083335,	0.213353643521298,	0.218700164986733,	0.212742260771366,	0.208317110004757,	0.216791662710052,	0.214946385346135,	0.215376108975738,	0.210359981543688,	0.217023264791739,	0.217282089409125,	0.212111478643329,	0.207665539236937,	0.213555639563327,	0.218896198157626,	0.222588378107745,	0.205881775565476,	0.217873797841402,	0.220079649367814,	0.209502612464287,	0.216723808803662,	0.210333781619475,	0.209589485131214,	0.212709385357368,	0.206803711260425,	0.212210017325154,	0.212871058215631,	0.205462254436717,	0.211989045850576,	0.200639513731115,	0.207541120879551,	0.201238519575831,	0.210158950398848,	0.202418513192888,	0.19742379140891,	0.19271189884339,	0.184594179274686,	0.196424403645173,	0.193203252619722,	0.186963543727695,	0.179784644425543,	0.184725667540593,	0.174183039708357,	0.175372473775683,	0.172256510840017,	0.169940236245835,	0.1626695518918,	0.177194089105439,	0.162442655557325,	0.157155371631852,	0.164302161860279,	0.155619039974603,	0.147145875482461,	0.157237059514545,	0.150660371178288,	0.147671072736992,	0.146443902042566,	0.135585905546728,	0.137508848813604,	0.142074550204004,	0.145095558951054,	0.131868314053998,	0.130611050016193,	0.128631998018179,	0.13206076152642,	0.124129426402841,	0.130660161805865,	0.12563900455779,
0.390753301173931,	0.897859194192688,	1,	0.966206548235119,	0.920003840404333,	0.871487281927208,	0.836733186477433,	0.807411735395667,	0.783696933272762,	0.762317308365949,	0.74223067194959,	0.725676219350727,	0.704845582618641,	0.683900689787782,	0.671995823903456,	0.652204548346068,	0.629726127977558,	0.604897036116758,	0.592349081459926,	0.571439499258483,	0.541278530670128,	0.515394916058273,	0.500493745207233,	0.467957645337466,	0.46751986209893,	0.393474681731466,	0.401332176014015,	0.405073258382088,	0.35949345360867,	0.344630562583765,	0.327296118464243,	0.31785772324564,	0.30806060954202,	0.296785508080043,	0.293054510306957,	0.297433613732309,	0.285906450424428,	0.282858285283997,	0.289780794347677,	0.29569816820421,	0.285388456782982,	0.27928889444395,	0.304858440763365,	0.31325069291904,	0.306936510844172,	0.300005240097537,	0.332570942046633,	0.326918314858244,	0.359471834442378,	0.31500858716898,	0.343063422109563,	0.38197866514445,	0.362198499942443,	0.364883542933166,	0.373484427108521,	0.384512492755982,	0.38513821931346,	0.376055266669692,	0.402111755602914,	0.399744811477594,	0.402373340522492,	0.398490931544975,	0.409305914329834,	0.414278603502222,	0.409371145983264,	0.405298895568241,	0.411225305383867,	0.417009337108032,	0.418541477244695,	0.404513680705693,	0.412436176026414,	0.420852357951495,	0.402687494102873,	0.40350823360838,	0.398825155950918,	0.391912909965683,	0.389499427951109,	0.381998790516758,	0.374904526044575,	0.386303899382554,	0.36721587396946,	0.363752377369102,	0.3567018924306,	0.349358339792861,	0.336382761290107,	0.341107350788335,	0.332081421844537,	0.313008643714632,	0.307362468345997,	0.291400124006672,	0.299007812801939,	0.286879967106713,	0.271591815293286,	0.259835058474373,	0.262403660089101,	0.244088374884128,	0.243728329282092,	0.226440024179421,	0.221923468576228,	0.211254597606985,	0.215443273893192,	0.200510400687235,	0.188454453827471,	0.188896262420417,	0.178752602852411,	0.159238257266071,	0.172360646975915,	0.161194023921726,	0.148189717303673,	0.145481058534502,	0.131615961060339,	0.132456534181887,	0.125390661613732,	0.128623483217899,	0.112760060960705,	0.106606200862346,	0.101910604486119,	0.102698890406283,	9.13116491348868E-02,	9.48624770781301E-02,	8.65979879109663E-02,
0.141216505072534,	0.754250412789863,	0.966206548235119,	1,	0.989861734201846,	0.968097165525376,	0.948646263463452,	0.930197657405308,	0.913755758477048,	0.8976645274807,	0.881286805123376,	0.866199451465545,	0.847114115031707,	0.826138467416878,	0.811451189772874,	0.789464234299992,	0.763519870634802,	0.734497435454309,	0.716000782293167,	0.688558329945124,	0.651651679244254,	0.618204197065182,	0.595732849883659,	0.554848012298554,	0.54735113170343,	0.461073646234203,	0.46279069835361,	0.462969701618092,	0.406886462255374,	0.385461278203215,	0.3629220787898,	0.34861085066464,	0.334804015045608,	0.320322999574078,	0.314327356119736,	0.318565032566164,	0.304164152245739,	0.300117470082491,	0.309358163284176,	0.315132123632584,	0.305637269621874,	0.298570688918773,	0.3305530411389,	0.340356618036336,	0.335698980157481,	0.330697042012507,	0.368064709843973,	0.36495356801478,	0.40331654228941,	0.355543542028662,	0.390928333583485,	0.435981933039409,	0.414366520435024,	0.421283405774647,	0.432471959234572,	0.445805299434552,	0.450025740857218,	0.438782956825109,	0.472960591109017,	0.470322650948144,	0.473956699363876,	0.471002594845334,	0.48349507684548,	0.490773440424025,	0.486458496441192,	0.482809103154877,	0.488654584561292,	0.494271490722329,	0.494314568077875,	0.483361275675562,	0.488306466641547,	0.499963768283876,	0.478805487883204,	0.476026950133379,	0.473041911577624,	0.463303345898482,	0.457976208230773,	0.45047142838772,	0.436785477903921,	0.453804231923655,	0.429850776125178,	0.420893794536755,	0.417115970828595,	0.402322739541165,	0.387032237350255,	0.3886502441784,	0.380027327473711,	0.354733665000755,	0.349209646988304,	0.329978909914516,	0.33494392357446,	0.318605106019923,	0.299486975013723,	0.286424972206003,	0.287541731342538,	0.266381042014347,	0.265199232235661,	0.241499033243759,	0.235872678657957,	0.224663862420581,	0.22224000540895,	0.208814385639409,	0.194110056662614,	0.190284692701218,	0.18060779957261,	0.15627308195727,	0.170199607983502,	0.157257434092758,	0.139807112837713,	0.136504471361182,	0.122322159420058,	0.122458694689476,	0.109150268959358,	0.112199332944602,	9.64081026797623E-02,	8.81486382813302E-02,	8.21079306478189E-02,	8.13405725931313E-02,	6.91122152034739E-02,	7.06134376373339E-02,	6.11810948989834E-02,
1.66105612516312E-03,	0.654363314484207,	0.920003840404333,	0.989861734201846,	1,	0.993842049619491,	0.983742284060442,	0.972250724545685,	0.960780062719741,	0.948601569642478,	0.935322655046341,	0.922094236709748,	0.905150539793602,	0.885483602982352,	0.870285085040131,	0.848387453506361,	0.821975700883219,	0.792161340397905,	0.771398004062193,	0.741684363105448,	0.70268259167885,	0.666484973613967,	0.640719595180698,	0.596748674161346,	0.585580694933389,	0.495503157883268,	0.493626661674319,	0.491620546459845,	0.431383938706881,	0.406758365501775,	0.381752904045664,	0.36485474563576,	0.348882603248973,	0.332753386494236,	0.325280183047027,	0.328907423728805,	0.312860035355605,	0.308004826241704,	0.317883725796198,	0.32295522016745,	0.313745533257273,	0.305845781164122,	0.34013374113935,	0.350050271481991,	0.345945527849616,	0.341770634456616,	0.380458504404743,	0.378493756755278,	0.41876263951737,	0.369859785228009,	0.40815285372043,	0.455350369498507,	0.432865356289827,	0.441761907254498,	0.453803671449037,	0.468004664640781,	0.47386635075682,	0.461511260603503,	0.499343714001361,	0.49645402546197,	0.500480220886357,	0.498016444312788,	0.511286184023922,	0.519595858592188,	0.515695449301888,	0.512199955369337,	0.51823434494501,	0.523675943023335,	0.52281434166877,	0.514007940534069,	0.517287178175847,	0.530720858386187,	0.50829133042209,	0.503803160724003,	0.502045888965691,	0.491155572172582,	0.484443999656408,	0.477342535628248,	0.460490881608133,	0.480420589979608,	0.454653170174231,	0.442945577892579,	0.441141863290104,	0.422864176420841,	0.407063732288202,	0.406733799454566,	0.39882815600238,	0.371068653862243,	0.365867484480752,	0.345232765364011,	0.34908498690846,	0.330774706416215,	0.310125379366824,	0.296960691778447,	0.297400437185877,	0.275246191428842,	0.273685010642312,	0.247390636178246,	0.241082513411206,	0.230302799907812,	0.224155279994233,	0.212124849881577,	0.196557797612076,	0.190213167771842,	0.181397277513811,	0.154937759951061,	0.169133654339753,	0.155464301385424,	0.136250636747979,	0.132733133361835,	0.118897998459064,	0.118634616220412,	0.102215589995681,	0.105049073631378,	8.98657041289872E-02,	8.08587919442732E-02,	7.40616615899557E-02,	7.25156652251364E-02,	6.02702033030176E-02,	6.06410936578842E-02,	5.07943983472256E-02,
-0.104876511208397,	0.568584771816748,	0.871487281927208,	0.968097165525376,	0.993842049619491,	1,	0.997519748548785,	0.991870609745447,	0.984749221597237,	0.976144403192061,	0.965861157061911,	0.954694443933486,	0.940099051288699,	0.92223768999599,	0.907295821973838,	0.886260319324773,	0.860374827093609,	0.830874550142931,	0.809018278231573,	0.778379798672846,	0.738746715587346,	0.701293687765849,	0.67355288270028,	0.628107300555259,	0.614298197240201,	0.522958482669127,	0.51825357081171,	0.514474740129681,	0.4519590895482,	0.425120565849323,	0.398439969404134,	0.379609981110451,	0.361992101590132,	0.344648740689955,	0.33590459442052,	0.338757558984622,	0.321379158073202,	0.315740602232681,	0.325741848855859,	0.329912317723686,	0.32078675874949,	0.312046970675099,	0.347419666983472,	0.357039742473695,	0.353113490798877,	0.349397891487619,	0.388380116285099,	0.387113906667215,	0.428143283742632,	0.378645793200518,	0.418559168242196,	0.466754743382163,	0.443619613539913,	0.453820845284807,	0.466178592843203,	0.480833729922771,	0.487735045345325,	0.474544676014723,	0.514746071079163,	0.51158975107729,	0.51582448428184,	0.513706118734733,	0.527520613479,	0.536480893415119,	0.532933588400533,	0.529482014161098,	0.535840913897445,	0.541112534792266,	0.539505657079322,	0.532569624459393,	0.534581070917965,	0.549396645685691,	0.526156061382165,	0.520529227554875,	0.519869729871749,	0.508325422625346,	0.500666114353358,	0.494093924140694,	0.475081425859691,	0.497147235929492,	0.470461301133987,	0.456786937885109,	0.456567749031789,	0.43597333404951,	0.420199259766895,	0.418234007272513,	0.411132096523845,	0.38201309778252,	0.377174758014457,	0.35563644206711,	0.358874536552859,	0.339207672903988,	0.317671982964919,	0.30476039606999,	0.304760019117472,	0.282098899484469,	0.280282469297179,	0.252511346253337,	0.245602776414905,	0.235562763540465,	0.226503469960246,	0.21582908649437,	0.199921904136426,	0.19151766908948,	0.18369310294765,	0.155835194749863,	0.170180339032214,	0.156057620693732,	0.135855331153365,	0.132229693548481,	0.11891428127122,	0.118322292127106,	9.96985130595299E-02,	0.102286271208547,	8.78571088510615E-02,	7.85094676441044E-02,	7.10840792723665E-02,	6.89853120381123E-02,	5.69461867017241E-02,	5.64721102723908E-02,	4.64085069245328E-02,
-0.166526401959382,	0.514037630530004,	0.836733186477433,	0.948646263463452,	0.983742284060442,	0.997519748548785,	1,	0.998335571220537,	0.994366147264549,	0.988500467724709,	0.980668269700465,	0.971429968947881,	0.958978284030989,	0.943043620460756,	0.928961929289538,	0.90925814636204,	0.884573972062204,	0.856158349528262,	0.834290024032039,	0.803864514119944,	0.764711722820336,	0.727241169935595,	0.698769595412547,	0.65312581516487,	0.637859710998181,	0.546902730418999,	0.540405388022444,	0.535412699433262,	0.472030739848283,	0.443895924988271,	0.416195323641697,	0.396070365171551,	0.377283538888108,	0.359073878843312,	0.349275204516861,	0.351277909802808,	0.332796079506017,	0.326391050695951,	0.33606234174047,	0.339247429535974,	0.329843340122773,	0.320203219488569,	0.3556962232837,	0.364719785864964,	0.360477444969315,	0.356715244079894,	0.395363335584857,	0.394210148971441,	0.435223098058357,	0.385088958502968,	0.425586723253378,	0.47408474381649,	0.450275734465115,	0.461043601759889,	0.47326190638159,	0.488063259564833,	0.495329336083765,	0.48149832771373,	0.522977407490749,	0.519510110344586,	0.523776013135064,	0.521773558402714,	0.536010540696259,	0.545253329825696,	0.541899895493502,	0.538310383389254,	0.545191658680254,	0.550378058121069,	0.548242600743597,	0.542592116860853,	0.543910391759171,	0.559749222534714,	0.535949281388851,	0.52983237140874,	0.530012562876229,	0.518258468086341,	0.5101101642115,	0.504063401460289,	0.483930737452539,	0.507389036793054,	0.480483212219176,	0.465699262214855,	0.466485876790436,	0.444791661356079,	0.42941636422244,	0.426286519642238,	0.419914878875416,	0.390380553933414,	0.385853307500137,	0.363751592168011,	0.367032043453673,	0.346544469342478,	0.324623208765796,	0.312159661061157,	0.312024903160795,	0.289137203125308,	0.287203997162397,	0.258949799185454,	0.251493648254492,	0.242333975164174,	0.23141130973657,	0.221780976681104,	0.205927372161542,	0.196052061680429,	0.18916861579755,	0.160468740549764,	0.175015851319537,	0.160592277348,	0.140079458100803,	0.136425203677863,	0.123596623945497,	0.122782967519378,	0.10290470079773,	0.105278462527148,	9.15004787142952E-02,	8.21683168187411E-02,	7.42176267064695E-02,	7.18419868218288E-02,	6.00786220019778E-02,	5.91450586247588E-02,	4.89683074131641E-02,
-0.210627197463773,	0.471717652445483,	0.807411735395667,	0.930197657405308,	0.972250724545685,	0.991870609745447,	0.998335571220537,	1,	0.99879142850458,	0.9954204638372,	0.989914961723236,	0.982645964956045,	0.972356401670787,	0.958505405413483,	0.945613552605527,	0.927529471279287,	0.904424788528178,	0.877506733302553,	0.856130584147212,	0.826459103514222,	0.788324327061808,	0.751405792652185,	0.72274701601854,	0.67748026586482,	0.661239789831917,	0.571416542749194,	0.563527807029641,	0.557530885234864,	0.493873609510614,	0.464799678280826,	0.436328502370546,	0.41513980606236,	0.395347393924028,	0.37638718378369,	0.36558571136635,	0.366671619836731,	0.347134784106055,	0.339935118825347,	0.349062473683341,	0.351182092624649,	0.341316010553625,	0.33069914833674,	0.365898683073124,	0.374163778797608,	0.369357604291922,	0.365309239116901,	0.403339184252431,	0.402029922114111,	0.442687713960937,	0.391830263736922,	0.432480068902063,	0.480999644387029,	0.456452003719558,	0.467470323150938,	0.479332795516982,	0.494144957174921,	0.501474909984397,	0.487046374196217,	0.529376232253165,	0.525549743054232,	0.529753655290523,	0.527754703636545,	0.542381409222531,	0.551738144989049,	0.548499184750821,	0.544661399478161,	0.552179688033325,	0.557301334592517,	0.554697004766887,	0.550101924385309,	0.550937172919276,	0.567690245808974,	0.543382186630945,	0.537024186637969,	0.53795149957412,	0.526160350682906,	0.517678072829905,	0.512163248078667,	0.491303820434032,	0.515885207626418,	0.489033629774567,	0.473443904505309,	0.475014103318911,	0.452689971005639,	0.437872636575375,	0.433725896581625,	0.428060956092586,	0.398491011469244,	0.394244491514973,	0.371676344157027,	0.375297781716403,	0.354163754069707,	0.332035034932106,	0.320111385535562,	0.319969758006751,	0.29692953175676,	0.294929738508546,	0.266591591537697,	0.258569366595383,	0.250385888379729,	0.237966829182406,	0.229273359229192,	0.213638708165414,	0.202468190282829,	0.196537572365071,	0.167170020849885,	0.181966131402232,	0.167278925724318,	0.146724968647597,	0.143072239678219,	0.13071725980313,	0.129709915136034,	0.108936653375787,	0.111091064076102,	9.79337145992399E-02,	8.87726699543156E-02,	8.03006800986468E-02,	7.77554014788376E-02,	0.06629515687123,	6.50607674525093E-02,	5.47990503114812E-02,
-0.24020035988893,	0.440317965424999,	0.783696933272762,	0.913755758477048,	0.960780062719741,	0.984749221597237,	0.994366147264549,	0.99879142850458,	1,	0.998901779618669,	0.995602163982211,	0.99032301644189,	0.982199181921704,	0.970547071309864,	0.959118550216417,	0.942886224659426,	0.921676598101429,	0.896596948765705,	0.876143227667873,	0.847689908315105,	0.811032010059949,	0.775151602675498,	0.746790108814378,	0.702399933452592,	0.685626452993141,	0.59756854865395,	0.58867087554904,	0.581894061371112,	0.518479542639773,	0.488805685049985,	0.459813052576065,	0.43780021481925,	0.417185516383415,	0.397606391006323,	0.385892726631078,	0.386056598913192,	0.36555166724225,	0.357570327330777,	0.36601578879458,	0.367048215144257,	0.356599758073345,	0.344976869650647,	0.379579136369831,	0.386980949691748,	0.381431906017543,	0.376916776532691,	0.414120789466971,	0.412443698307744,	0.452481875677465,	0.400841119066374,	0.441286925965923,	0.489598129132024,	0.464266482217519,	0.475261732103335,	0.486592719480315,	0.501288325131833,	0.508419930443984,	0.493426204864982,	0.536227357246324,	0.531988764535899,	0.536023598260299,	0.53391517293326,	0.548882742575738,	0.558176148605794,	0.554955716818028,	0.550748115901312,	0.558961567416062,	0.563992825762592,	0.560945322206242,	0.557154250939899,	0.557627116482931,	0.575178735460886,	0.550359483966601,	0.543903570617807,	0.545451723218209,	0.533722169292522,	0.524965003162023,	0.519940190955359,	0.498627961469326,	0.52407265048813,	0.497434922716993,	0.481222941781848,	0.483373247189795,	0.460736816357986,	0.446529617182073,	0.441478064142782,	0.436429406851118,	0.407074964762107,	0.403030188549933,	0.380034716662943,	0.384197255974645,	0.36251611180889,	0.340270353673886,	0.328912716508901,	0.328844731851639,	0.305635755712649,	0.303592066552584,	0.275433482477188,	0.266815382187167,	0.259641128158339,	0.245996996973786,	0.238112887698344,	0.222795948457718,	0.21045233766922,	0.205441743665014,	0.175496910469046,	0.19058135156793,	0.175641422943698,	0.155214442821287,	0.151578930532187,	0.139639084174458,	0.13843794984674,	0.117055792566125,	0.118962976310233,	0.106370854602994,	9.74868738107215E-02,	8.84759598853381E-02,	8.58344684811432E-02,	7.46622125647428E-02,	7.32669420143373E-02,	6.29235729439169E-02,
-0.261885066327489,	0.41433152424844,	0.762317308365949,	0.8976645274807,	0.948601569642478,	0.976144403192061,	0.988500467724709,	0.9954204638372,	0.998901779618669,	1,	0.998886727337466,	0.995653842253138,	0.989745279447291,	0.980408060985969,	0.970630511474632,	0.956423399222447,	0.937327877087074,	0.914320505256358,	0.895052597338089,	0.868102357495867,	0.833211034144429,	0.798664661462226,	0.770872746301922,	0.727656184223354,	0.710577645585329,	0.624681815152289,	0.614956230702973,	0.607494148494469,	0.54461469197257,	0.514509062080265,	0.485111713932896,	0.462378062669543,	0.441012312765622,	0.420864536558254,	0.408256007875682,	0.407457169167473,	0.385997287374643,	0.377213375192722,	0.384870278055665,	0.384765297686029,	0.373643136042063,	0.360968542050969,	0.39476962250875,	0.401222207942385,	0.394806708982623,	0.389707068747207,	0.425939558604289,	0.423765095731741,	0.463015124940585,	0.410542083201468,	0.450579406342123,	0.498544574863904,	0.472389992921659,	0.483215455771942,	0.493904527056919,	0.508420603125754,	0.515210272613499,	0.499665991565608,	0.542742179058006,	0.538065091248112,	0.541887585152422,	0.539616723971595,	0.554915545037885,	0.564066264980442,	0.560829220302486,	0.556195209239496,	0.565171156552517,	0.570121506036462,	0.566653340744884,	0.563570380937296,	0.563776044514607,	0.58208461880612,	0.55677301957669,	0.550336582232877,	0.55246983484007,	0.540885643957159,	0.531921189633769,	0.527395913439547,	0.505811338601685,	0.531999180075874,	0.505709042006249,	0.489006408028949,	0.491638415724445,	0.468905953070925,	0.455389787672599,	0.449488128599086,	0.445048483464377,	0.416091630705322,	0.412232026507805,	0.388846162122593,	0.393695722389048,	0.371538336911025,	0.349253930211906,	0.338510784015147,	0.338575251164353,	0.315222062805645,	0.313155268153959,	0.285363295194754,	0.276128997300859,	0.27002115936822,	0.25530217544795,	0.248185416327687,	0.233266183833351,	0.219810478577306,	0.215735305416183,	0.185280452116816,	0.200679209929447,	0.185498128302967,	0.165321408750844,	0.161716548283368,	0.150185880148033,	0.148797053092253,	0.126966279356498,	0.128615177562639,	0.116579497486355,	0.108048086434716,	9.84878786869605E-02,	9.57969361118858E-02,	8.49248378690419E-02,	8.34428948721546E-02,	7.30270801104227E-02,
-0.277390709710889,	0.392197427899337,	0.74223067194959,	0.881286805123376,	0.935322655046341,	0.965861157061911,	0.980668269700465,	0.989914961723236,	0.995602163982211,	0.998886727337466,	1,	0.9989177313062,	0.995330712159755,	0.988475450131361,	0.980564260706176,	0.968597920137942,	0.951882015251876,	0.931225388794325,	0.91342231315363,	0.888294232686759,	0.855502604435515,	0.822617041561847,	0.795683540264673,	0.753974981616459,	0.736811812859431,	0.653553776259988,	0.64316368958975,	0.635107462566637,	0.573094674273622,	0.542732178285047,	0.51306308123338,	0.489717723490335,	0.46767993923825,	0.447022868217631,	0.433538669144869,	0.4317389938953,	0.409347034460692,	0.399741832817638,	0.406505610032638,	0.405206616562632,	0.393333806159078,	0.379556849425494,	0.412352941095165,	0.417758636395626,	0.410355385204372,	0.404561489005506,	0.439650883099043,	0.436853301497436,	0.47511916335075,	0.42178594622148,	0.461186037325686,	0.508639117449411,	0.481619040625734,	0.492117363246535,	0.502039257696959,	0.516285396205732,	0.522576826916515,	0.506479239226432,	0.549617030207151,	0.544450897336625,	0.547982323522798,	0.545479501382723,	0.561082152215902,	0.569975699681409,	0.566665303320572,	0.56151716304602,	0.57130048890942,	0.576134449399572,	0.572231326715245,	0.569751307627604,	0.569716556695206,	0.588742280987041,	0.562915863052028,	0.556553429703968,	0.559222806056802,	0.547833301365888,	0.538666164506196,	0.534634124988212,	0.512896752671209,	0.539710239891277,	0.513861584819117,	0.4967271088846,	0.499759092594343,	0.47707703627343,	0.464300260546892,	0.457563427990103,	0.453704632194638,	0.425291348559128,	0.421578043147713,	0.397809172678535,	0.403461586405424,	0.380858921140403,	0.358581265035112,	0.348491753232347,	0.348728712388629,	0.325217120283499,	0.323134736591411,	0.295861027240625,	0.285970290037367,	0.280991285023894,	0.265281727931469,	0.258904920531114,	0.244453890266733,	0.229897317179448,	0.226781510217825,	0.19584824489266,	0.211584388211228,	0.196163274983316,	0.176335308007678,	0.17277117753821,	0.161640964596962,	0.16005236934406,	0.137904521679214,	0.139263984488763,	0.127788158651933,	0.119680168144294,	0.109539276046982,	0.106831663936431,	9.62685394701002E-02,	9.47663754221557E-02,	8.42806725762045E-02,
-0.28385502295385,	0.376892759651739,	0.725676219350727,	0.866199451465545,	0.922094236709748,	0.954694443933486,	0.971429968947881,	0.982645964956045,	0.99032301644189,	0.995653842253138,	0.9989177313062,	1,	0.998739170855097,	0.994440936327434,	0.988572331441773,	0.978998288038717,	0.964870017385693,	0.946788361021718,	0.930729034460347,	0.907731550317703,	0.877344030550242,	0.846441105421068,	0.820688895388024,	0.780823302873087,	0.763868608471744,	0.68367697523134,	0.672877639831164,	0.664381765576934,	0.603590077669746,	0.573201761328827,	0.543437139322309,	0.519648686634466,	0.497070970298043,	0.476000948658687,	0.461709580144184,	0.458916847149157,	0.435663704575998,	0.425253739297941,	0.431040618676267,	0.428541137695596,	0.41584873251539,	0.400954129343651,	0.432554581742448,	0.436845857647966,	0.42834123524766,	0.421739862972045,	0.455546908170264,	0.451988123797154,	0.489089227505552,	0.43486614126628,	0.47338205375698,	0.520163017938341,	0.492247415223841,	0.502227589753107,	0.511263290406307,	0.525138695236234,	0.530749433392323,	0.514111906143357,	0.557047112839385,	0.551343586803336,	0.554489793518887,	0.551667828207668,	0.567528021630244,	0.57602378008496,	0.5725590397864,	0.566797691088342,	0.577404397718879,	0.582077117960108,	0.577737231373503,	0.575672200663673,	0.575438523511092,	0.595098617668225,	0.568728694323359,	0.562495705216782,	0.565600035903772,	0.554445706549516,	0.545077599867977,	0.541493146784541,	0.519749610530152,	0.547011810030429,	0.521677827901173,	0.504194646313261,	0.507493651884518,	0.485031578364764,	0.472999233249503,	0.465488901724283,	0.462129915116889,	0.434397994035418,	0.430762352035348,	0.406619803337309,	0.413186591259167,	0.390184291364557,	0.367952127322635,	0.358519849843007,	0.358972013202627,	0.335267400871094,	0.333177529512955,	0.306571406758546,	0.295998521559616,	0.292161058957058,	0.275617554037278,	0.26989343097931,	0.255965411903879,	0.240373508275962,	0.238189368025738,	0.206820363068054,	0.222918369412231,	0.207259141897508,	0.187874778009734,	0.184359388182688,	0.173583421812454,	0.171787737960903,	0.149501512476325,	0.150545859866465,	0.13959169669682,	0.131971464573014,	0.121231692752354,	0.11855006226761,	0.108280035872852,	0.10684828723632,	9.62910252896972E-02,
-0.292422680492512,	0.357538887553842,	0.704845582618641,	0.847114115031707,	0.905150539793602,	0.940099051288699,	0.958978284030989,	0.972356401670787,	0.982199181921704,	0.989745279447291,	0.995330712159755,	0.998739170855097,	1,	0.998460131378158,	0.99479327563223,	0.987814668107303,	0.976515945650402,	0.961257441399901,	0.94711595494982,	0.926482373890095,	0.898797218616167,	0.870133107344928,	0.845757071028405,	0.808036519672117,	0.791375510016478,	0.714812977672158,	0.703631787899289,	0.694747403857284,	0.63553066309011,	0.605278461170406,	0.575584346589425,	0.551470867412409,	0.528470090179836,	0.507096274632481,	0.492073857976913,	0.488308706263935,	0.464304494037634,	0.453140180430077,	0.457945161577611,	0.454243576390665,	0.440815716427655,	0.424864935182985,	0.455138954653087,	0.458284204198922,	0.448728544134135,	0.441364063821306,	0.473706797974495,	0.469420427283212,	0.505164671740882,	0.450300576982057,	0.487764450530008,	0.533634918253939,	0.504931076881524,	0.514361623619504,	0.522442106038809,	0.535869030326052,	0.540767776412641,	0.523633123225729,	0.566179824189661,	0.559933069192029,	0.562648631260284,	0.559505100618706,	0.575548822129047,	0.583571578836432,	0.57995018435882,	0.573552664365828,	0.58494250932557,	0.589375845781574,	0.584557180030612,	0.58293141087521,	0.582397608826105,	0.60262636452659,	0.575758465723224,	0.569590999525357,	0.573108342249252,	0.562190799533221,	0.552549438600647,	0.549411088903895,	0.527651142521616,	0.555247861539605,	0.530479543924134,	0.512575247974324,	0.516157217851654,	0.493882086525885,	0.482586796813936,	0.474240326090396,	0.47134693244661,	0.444350816903117,	0.440747773356585,	0.41625640601618,	0.42365740027905,	0.400251769996562,	0.378074665399863,	0.369315375645745,	0.369938023736598,	0.346022995677601,	0.343898667255962,	0.317986654406656,	0.306712833396502,	0.304044049996691,	0.286569745449573,	0.281542414463005,	0.268166311628556,	0.25146767858577,	0.250235057194312,	0.218444889976492,	0.234840239023523,	0.218968579806137,	0.200030901787584,	0.196566605435355,	0.186157036625827,	0.184103175449895,	0.161701472301688,	0.162360913098347,	0.151986482764664,	0.144868564938114,	0.133501678451788,	0.130816927242035,	0.120850779563656,	0.119487929156268,	0.108870509545777,
-0.29424880772361,	0.341271506177132,	0.683900689787782,	0.826138467416878,	0.885483602982352,	0.92223768999599,	0.943043620460756,	0.958505405413483,	0.970547071309864,	0.980408060985969,	0.988475450131361,	0.994440936327434,	0.998460131378158,	1,	0.998872217793972,	0.994850141464907,	0.986798782665563,	0.974798895746391,	0.962956425913312,	0.945136188359272,	0.920624149610191,	0.894645330027086,	0.871993425333049,	0.836854633640932,	0.820708178756919,	0.748430333380183,	0.736986797245555,	0.727743330414722,	0.670498270399212,	0.640526686936829,	0.611000595339763,	0.58661142134825,	0.563195815935473,	0.541522225041455,	0.525691940901028,	0.520809388567709,	0.495982602927638,	0.483957900363542,	0.487564756568838,	0.48248648646712,	0.468147755345259,	0.450971433329137,	0.479597703370223,	0.481388840079954,	0.470538485149622,	0.462211541012567,	0.492805766763698,	0.487577229077941,	0.521664820646297,	0.466032362102619,	0.502119964112895,	0.546865272501958,	0.517240707746906,	0.525898634590288,	0.532823877582513,	0.545672331279604,	0.549632457107647,	0.531948960408007,	0.573873201428112,	0.566983253986961,	0.569150969346667,	0.565583314962736,	0.581805040674836,	0.589207562407849,	0.58535483617794,	0.578185138481591,	0.590469060071924,	0.594625332500668,	0.589288823677796,	0.58802199197985,	0.587224537893414,	0.6080384949036,	0.580612265083977,	0.574601689839819,	0.578526132175999,	0.567927288307642,	0.558036944145324,	0.555385448889273,	0.533759030502986,	0.56162537389456,	0.53757951189054,	0.51933522175818,	0.523135996254635,	0.501261047433983,	0.490847032863959,	0.481643433415093,	0.479261134088782,	0.453233656688327,	0.449663079670075,	0.424826873988199,	0.433290511959617,	0.409517336369363,	0.387483262473909,	0.379513632083816,	0.380388253563119,	0.356288772680993,	0.354154584301512,	0.329192294581728,	0.317141113491643,	0.315814468198504,	0.297486733673195,	0.293190156547268,	0.280503587766902,	0.262671566834805,	0.262507211751117,	0.230343565507537,	0.24709383887441,	0.231007939067707,	0.21270019765318,	0.209308703728604,	0.199315449908372,	0.197002424234479,	0.174632392708502,	0.174880255734416,	0.165140322722381,	0.158653958079793,	0.146607864335799,	0.143975988322926,	0.134373770920791,	0.133152851885315,	0.122489814507856,
-0.284587911610322,	0.337040687264548,	0.671995823903456,	0.811451189772874,	0.870285085040131,	0.907295821973838,	0.928961929289538,	0.945613552605527,	0.959118550216417,	0.970630511474632,	0.980564260706176,	0.988572331441773,	0.99479327563223,	0.998872217793972,	1,	0.99853008685079,	0.993353112783092,	0.984254615791342,	0.974635732484622,	0.959489217927418,	0.937953155997776,	0.914577607902184,	0.893786722200455,	0.861215077646353,	0.845922636801667,	0.777731147211121,	0.766480643562682,	0.757238989625866,	0.702134551280408,	0.6727922816344,	0.643733094745825,	0.619447849699407,	0.595983018444459,	0.574286060062846,	0.558012086454854,	0.552343779580367,	0.527069823872192,	0.514468802094803,	0.51709664834294,	0.511004233092151,	0.495951425879447,	0.47789095150106,	0.504992704054662,	0.505688140987764,	0.493762684612726,	0.484596908068684,	0.513634245579565,	0.507546264597156,	0.540083605754933,	0.483948903813312,	0.518625522748072,	0.562213974154966,	0.531914184133442,	0.539737601583197,	0.545608929844303,	0.557865740482307,	0.560869574802977,	0.542815512590414,	0.583837907509285,	0.576402800811016,	0.57801931655254,	0.574017020516433,	0.590279547546132,	0.596992049244589,	0.592855659391136,	0.584957127773435,	0.597919842987746,	0.601765886095036,	0.596013330379268,	0.594762847730119,	0.593764087687681,	0.614868718156636,	0.586991776258888,	0.581125936836122,	0.585192575724505,	0.574874717157681,	0.564734288037618,	0.562367721729717,	0.541012122572816,	0.568768342882031,	0.54535951036651,	0.526896870070334,	0.530679959006735,	0.509279118091281,	0.499486410804888,	0.489678526282341,	0.487510939738566,	0.46238614060829,	0.458687669840801,	0.433583508817769,	0.442929594595366,	0.41890204610119,	0.396987635302527,	0.389589746379823,	0.390670862945462,	0.366311746007623,	0.364151936613887,	0.340063876907933,	0.32736586347467,	0.327047517618433,	0.308203315875584,	0.304331814430512,	0.292219618409164,	0.273556639046333,	0.274136806660112,	0.241699250517739,	0.258722511930607,	0.242468314915892,	0.224710900080825,	0.22137699823043,	0.211596849639888,	0.209029622900582,	0.18691611977351,	0.186760728733246,	0.17744843528993,	0.171509048281983,	0.158886787139886,	0.156321113519202,	0.146938950901309,	0.145952987518082,	0.135236101105969,
